>TGAGTCAT	TGAGTCAT	6.757817	-3127.771975	0	T:3624.0(27.14%),B:4888.3(5.74%),P:1e-1358
0.001	0.004	0.001	0.994
0.001	0.001	0.951	0.047
0.997	0.001	0.001	0.001
0.053	0.263	0.617	0.067
0.001	0.001	0.001	0.997
0.031	0.967	0.001	0.001
0.997	0.001	0.001	0.001
0.015	0.163	0.089	0.733
>TGTGGTTT	TGTGGTTT	9.841740	-954.507705	0	T:1226.0(9.18%),B:1694.6(1.99%),P:1e-414
0.001	0.001	0.001	0.997
0.001	0.001	0.997	0.001
0.001	0.001	0.001	0.997
0.001	0.001	0.997	0.001
0.001	0.001	0.997	0.001
0.001	0.001	0.001	0.997
0.001	0.001	0.001	0.997
0.293	0.001	0.001	0.705
>GGAATGYR	GGAATGYR	5.852718	-932.123162	0	T:5359.0(40.14%),B:19868.5(23.35%),P:1e-404
0.263	0.001	0.711	0.025
0.031	0.004	0.948	0.017
0.914	0.018	0.001	0.067
0.977	0.005	0.010	0.008
0.008	0.009	0.010	0.973
0.015	0.038	0.809	0.138
0.001	0.422	0.141	0.436
0.370	0.215	0.245	0.170
>CACAATRG	CACAATRG	5.765941	-1168.815164	0	T:6964.0(52.16%),B:27177.6(31.93%),P:1e-507
0.168	0.417	0.160	0.255
0.997	0.001	0.001	0.001
0.001	0.997	0.001	0.001
0.997	0.001	0.001	0.001
0.997	0.001	0.001	0.001
0.398	0.001	0.001	0.600
0.445	0.001	0.553	0.001
0.140	0.281	0.578	0.001
>NTGAATAS	NTGAATAS	6.865164	-337.572146	0	T:3156.0(23.64%),B:12852.5(15.10%),P:1e-146
0.223	0.292	0.179	0.306
0.001	0.001	0.001	0.997
0.069	0.001	0.929	0.001
0.997	0.001	0.001	0.001
0.997	0.001	0.001	0.001
0.172	0.001	0.001	0.826
0.587	0.001	0.411	0.001
0.183	0.379	0.437	0.001
>TAACCACA	TAACCACA	7.622799	-242.117589	0	T:1008.0(7.55%),B:3018.1(3.55%),P:1e-105
0.001	0.257	0.175	0.567
0.658	0.020	0.166	0.156
0.750	0.108	0.141	0.001
0.002	0.996	0.001	0.001
0.001	0.820	0.163	0.016
0.869	0.022	0.004	0.105
0.001	0.997	0.001	0.001
0.838	0.014	0.079	0.069
>GTGATTCA	GTGATTCA	3.655347	-224.581110	0	T:1266.0(9.48%),B:4291.9(5.04%),P:1e-97
0.014	0.286	0.699	0.001
0.001	0.251	0.001	0.747
0.001	0.001	0.774	0.224
0.997	0.001	0.001	0.001
0.003	0.129	0.255	0.613
0.001	0.001	0.001	0.997
0.001	0.997	0.001	0.001
0.997	0.001	0.001	0.001
>GAATGTAA	GAATGTAA	8.880066	-64.487666	0	T:133.0(1.00%),B:271.2(0.32%),P:1e-28
0.001	0.001	0.997	0.001
0.997	0.001	0.001	0.001
0.997	0.001	0.001	0.001
0.001	0.001	0.001	0.997
0.001	0.001	0.997	0.001
0.001	0.001	0.112	0.886
0.997	0.001	0.001	0.001
0.997	0.001	0.001	0.001
>KKCATACT	KKCATACT	7.885209	-83.682644	0	T:599.0(4.49%),B:2187.6(2.57%),P:1e-36
0.001	0.011	0.493	0.496
0.063	0.001	0.534	0.402
0.155	0.785	0.049	0.011
0.892	0.077	0.030	0.001
0.001	0.164	0.085	0.750
0.873	0.088	0.001	0.038
0.337	0.611	0.006	0.046
0.001	0.001	0.001	0.997
>CTTGSCAA	CTTGSCAA	6.280013	-267.195723	0	T:3183.0(23.84%),B:13723.5(16.13%),P:1e-116
0.021	0.483	0.199	0.297
0.049	0.311	0.056	0.584
0.097	0.001	0.028	0.874
0.001	0.001	0.997	0.001
0.001	0.455	0.543	0.001
0.001	0.997	0.001	0.001
0.898	0.001	0.001	0.100
0.504	0.101	0.267	0.128
>AAACCCTA	AAACCCTA	8.236954	-47.975057	0	T:153.0(1.15%),B:406.9(0.48%),P:1e-20
0.700	0.100	0.100	0.100
0.700	0.100	0.100	0.100
0.700	0.100	0.100	0.100
0.100	0.700	0.100	0.100
0.100	0.700	0.100	0.100
0.100	0.700	0.100	0.100
0.100	0.100	0.100	0.700
0.700	0.100	0.100	0.100
>AAACAATG	AAACAATG	7.334870	-97.493314	0	T:1660.0(12.43%),B:7551.3(8.87%),P:1e-42
0.579	0.001	0.419	0.001
0.914	0.084	0.001	0.001
0.839	0.088	0.001	0.072
0.001	0.597	0.401	0.001
0.997	0.001	0.001	0.001
0.945	0.053	0.001	0.001
0.191	0.001	0.001	0.807
0.001	0.001	0.730	0.268
>ARACCACA	ARACCACA	8.560520	-96.454978	0	T:661.0(4.95%),B:2381.0(2.80%),P:1e-41
0.816	0.182	0.001	0.001
0.526	0.001	0.384	0.089
0.731	0.001	0.267	0.001
0.001	0.997	0.001	0.001
0.001	0.997	0.001	0.001
0.997	0.001	0.001	0.001
0.001	0.997	0.001	0.001
0.741	0.001	0.001	0.257
